lastAccountName: SrRovaris
timestamps:
  login: 1554486165671
  logout: 1554491808699
ipAddress: 127.0.0.1
logoutlocation:
  world: world
  x: 181.43116362714144
  y: 69.0
  z: -16.031600288531855
  yaw: -137.4338
  pitch: 18.318163
